84,-8,8,0
11,38,4,0
37,19,4,0
13,33,6,0
40,28,7,0
97,-32,9,0
15,30,8,0
1,39,4,0
92,1,6,0
1,49,7,0
3,38,3,0
56,7,7,0
31,23,8,0
1,53,8,0
39,17,9,0
46,12,5,0
37,25,8,0
77,3,4,0
60,21,7,0
83,-9,4,0
78,-12,9,0
83,-5,3,0
96,-26,8,0
74,6,2,0
93,-8,6,0
27,23,8,0
90,7,9,0
55,1,6,0
86,-4,6,0
71,3,2,0
64,-8,8,0
8,28,9,0
70,6,8,0
71,4,1,0
6,55,8,0
62,9,1,0
99,-20,9,0
87,-1,1,0
12,35,1,0
26,30,1,0
38,22,3,0
47,14,2,0
4,39,1,0
77,13,8,0
24,40,6,0
75,1,5,0
54,14,5,0
24,23,7,0
24,27,1,0
18,34,5,0
90,-7,5,0
43,23,5,0
57,11,9,0
61,12,4,0
28,28,9,0
82,-5,2,0
91,-11,9,0
88,-15,8,0
82,-6,4,0
8,40,9,0
51,19,6,0
91,-10,2,0
64,9,2,0
28,25,2,0
34,23,4,0
95,-4,2,0
41,4,7,0
25,30,9,0
34,25,2,0
7,41,7,0
17,35,7,0
20,29,1,0
49,32,9,0
85,-10,6,0
14,33,4,0
75,-3,4,0
25,26,4,0
6,36,3,0
25,26,4,0
99,-3,4,0
78,2,1,0
7,34,1,0
6,29,9,0
60,11,3,0
71,3,2,0
1,32,9,0
69,-8,7,0
86,-3,1,0
33,21,2,0
90,-11,4,0
83,-1,3,0
90,-6,1,0
23,35,5,0
31,23,5,0
31,34,7,0
86,-9,5,0
67,7,2,0
52,13,2,0
88,-5,1,0
73,-6,9,1
99,-247,8,0
95,-218,5,0
9,88,4,0
28,30,1,0
65,-101,9,0
37,13,4,0
52,-42,3,0
66,-87,7,0
61,-76,2,0
74,-126,3,0
51,-42,2,0
80,-146,9,0
54,-69,9,0
86,-173,5,0
14,61,8,0
21,50,5,0
90,-200,5,0
89,-188,8,0
55,-54,2,0
10,76,1,0
89,-192,1,0
31,8,9,0
63,-76,7,0
76,-136,9,0
79,-146,4,0
25,40,3,0
92,-212,5,0
13,74,5,0
8,87,8,0
31,30,9,0
34,13,1,0
65,-92,2,0
28,43,8,0
48,-31,5,0
76,-140,4,0
69,-106,8,0
35,12,1,0
31,22,1,0
96,-220,5,0
2,92,1,0
45,-16,9,0
72,-118,7,0
12,68,3,0
54,-44,6,0
74,-131,2,0
44,-23,9,0
54,-47,9,0
89,-202,7,0
82,-153,8,0
44,-20,2,0
28,30,2,0
57,-55,6,0
72,-116,8,0
20,49,3,0
79,-143,4,0
57,-54,6,0
54,-50,9,0
9,78,9,0
43,-15,1,0
81,-161,2,0
66,-95,1,0
38,4,3,0
69,-107,2,0
11,75,5,0
66,-94,3,0
86,-179,1,0
6,78,9,0
84,-170,2,0
41,-4,8,0
87,-186,6,0
68,-99,5,0
77,-139,3,0
52,-43,2,0
48,-29,3,0
57,-62,1,0
46,-14,8,0
43,-13,9,0
41,-10,7,0
24,43,4,0
11,68,4,0
91,-198,7,0
66,-92,4,0
74,-131,2,0
88,-182,8,0
24,43,3,0
64,-88,1,0
83,-164,2,0
2,93,3,0
70,-111,6,0
18,51,3,0
83,-168,5,0
45,-22,5,0
60,-73,1,0
5,85,2,1
54,112,5,0
26,99,16,0
24,93,5,0
28,78,9,0
96,168,2,0
33,79,12,0
13,74,2,0
62,145,6,0
44,106,7,0
11,69,15,0
45,108,2,0
17,72,8,0
54,127,15,0
23,85,4,0
30,91,2,0
91,153,18,0
61,123,16,0
2,20,15,0
27,89,8,0
93,160,2,0
4,58,15,0
25,74,8,0
6,67,3,0
53,133,9,0
82,149,2,0
1,56,7,0
74,119,14,0
31,110,17,0
0,59,7,0
1,56,6,0
52,148,14,0
70,133,3,0
76,140,7,0
65,99,17,0
44,106,2,0
46,113,9,0
90,159,2,0
79,133,14,0
91,161,2,0
24,87,2,0
94,167,18,0
68,136,2,0
77,141,9,0
7,51,19,0
63,133,18,0
84,157,14,0
18,79,13,0
52,121,4,0
53,118,9,0
5,66,14,0
71,141,13,0
95,162,2,0
60,138,18,0
95,164,5,0
3,70,13,0
95,171,13,0
64,120,13,0
84,147,16,0
82,156,14,0
54,132,16,0
98,144,13,0
44,112,9,0
88,145,12,0
80,142,3,0
91,170,12,0
62,122,7,0
68,147,9,0
55,109,15,0
76,131,14,0
11,73,16,0
33,113,19,0
20,78,15,0
74,143,5,0
67,129,10,0
39,95,14,0
20,77,7,0
9,58,14,0
22,94,11,0
57,105,18,0
50,118,6,0
93,151,5,0
40,111,10,0
34,107,11,0
80,124,12,0
54,115,10,0
88,157,6,0
47,109,7,0
28,90,14,0
24,91,13,0
50,119,7,0
89,158,14,0
57,125,4,0
15,89,17,0
47,110,10,0
50,117,4,0
52,114,5,0
99,174,8,0
22,93,12,0
17,72,18,0
28,88,6,0
43,127,13,0
52,110,14,0
11,65,5,0
13,67,3,0
41,102,10,0
68,143,6,0
46,84,17,0
51,114,17,0
63,128,8,0
4,66,4,0
24,85,3,0
54,144,12,0
93,160,8,0
34,96,3,0
22,90,17,0
9,88,18,0
32,95,14,0
72,138,3,0
16,72,9,0
24,94,12,0
87,183,19,0
87,169,12,0
45,111,2,0
88,191,14,0
56,118,12,0
29,83,18,0
57,127,9,0
62,128,3,0
1,56,3,0
65,138,11,0
7,70,14,0
22,88,7,0
49,109,16,0
30,90,4,0
53,118,6,0
45,134,9,0
71,143,4,0
89,158,2,0
1,59,2,0
94,138,17,0
67,139,6,0
6,61,15,0
8,67,3,0
84,154,2,0
51,140,18,0
62,122,8,0
84,142,9,0
45,112,18,0
17,99,19,0
44,113,9,0
0,52,18,0
8,63,3,0
0,55,14,0
74,123,19,0
41,113,14,0
68,124,19,0
98,169,4,0
51,123,15,0
38,108,19,0
33,107,19,0
95,179,14,0
10,69,5,0
88,159,5,0
7,65,5,0
86,166,6,0
46,109,2,0
39,107,8,0
65,132,10,0
24,99,9,0
26,94,9,0
37,119,18,0
81,145,3,0
80,126,11,0
52,113,15,0
29,91,2,0
30,94,9,0
44,108,6,0
75,152,9,0
4,77,17,0
84,160,12,0
33,94,3,0
96,183,16,0
18,114,13,0
51,117,4,0
20,79,5,0
91,160,4,0
14,85,7,0
92,160,6,0
89,157,3,0
22,71,13,0
21,85,3,0
29,100,4,0
73,153,19,0
30,102,13,0
61,145,17,0
54,120,8,0
16,95,14,0
14,82,4,0
75,158,15,0
18,78,16,0
15,81,6,0
86,150,11,0
87,156,5,0
78,143,4,0
8,64,16,0
46,98,14,0
63,126,11,0
63,140,10,0
58,157,17,0
31,111,16,0
31,79,5,0
5,67,4,0
42,102,13,0
54,124,9,0
48,100,18,0
30,88,4,0
10,87,12,0
64,133,10,0
80,161,18,0
91,157,16,0
96,169,3,0
17,64,12,0
44,114,5,0
34,105,14,0
60,136,11,0
71,129,16,0
95,175,15,0
38,106,4,0
48,114,9,0
98,162,8,0
38,103,10,0
92,177,15,0
6,68,4,0
67,136,8,0
44,115,6,0
48,114,16,0
63,125,11,0
56,110,17,0
41,110,16,0
98,169,12,0
87,151,4,0
45,97,8,1
24,-30,2,0
36,-52,3,0
21,-26,2,0
98,-120,3,0
3,-1,2,0
28,-35,2,0
73,-91,2,0
20,-24,2,0
40,-53,3,0
28,-35,3,0
67,-85,2,0
35,-35,3,0
60,-78,2,0
99,-126,2,0
23,-29,3,0
79,-102,2,0
90,-113,2,0
31,-35,2,0
77,-97,2,0
78,-100,2,0
2,1,2,0
8,-11,3,0
87,-110,3,0
29,-34,2,0
4,-5,3,0
83,-109,3,0
63,-77,2,0
49,-60,3,0
50,-62,2,0
85,-108,3,0
13,-17,2,0
66,-84,2,0
8,-9,2,0
31,-42,3,0
26,-33,2,0
66,-86,2,0
5,-6,2,0
40,-56,3,0
0,0,3,0
22,-29,3,0
4,-7,3,0
43,-57,2,0
91,-116,2,0
15,-18,3,0
53,-70,2,0
32,-43,3,0
6,-4,3,0
73,-96,3,0
72,-92,2,0
30,-45,3,0
7,-9,2,0
36,-42,3,0
61,-77,2,0
91,-117,2,0
69,-89,2,0
81,-105,3,0
41,-50,2,0
11,-15,3,0
88,-110,3,0
12,-14,3,0
0,0,3,0
84,-109,2,0
73,-92,3,0
61,-73,2,0
30,-38,2,0
25,-32,2,0
49,-64,2,0
19,-26,3,0
22,-27,2,0
34,-45,3,0
72,-94,3,0
75,-98,2,0
58,-78,3,0
5,-2,2,0
84,-107,2,0
99,-126,2,0
76,-98,2,0
17,-22,3,0
86,-114,3,0
32,-44,3,0
76,-98,2,0
61,-76,2,0
2,-4,2,0
62,-78,3,0
60,-72,3,0
21,-24,2,0
39,-53,3,0
35,-46,2,0
86,-107,3,0
52,-66,2,0
29,-36,2,0
82,-110,3,0
21,-25,2,0
17,-20,3,0
75,-98,3,0
7,-9,2,0
96,-121,2,0
91,-118,3,0
23,-27,3,0
30,-34,3,0
17,-21,2,0
87,-112,2,0
70,-85,3,0
23,-30,2,0
40,-51,2,0
51,-60,3,0
70,-89,2,0
51,-69,3,0
39,-46,3,0
78,-98,2,0
83,-108,2,0
89,-112,2,0
63,-79,2,0
67,-85,2,0
72,-94,3,0
29,-37,2,0
10,-12,3,0
5,-5,2,0
29,-35,3,0
15,-19,2,0
96,-120,3,0
97,-127,2,0
6,-7,3,0
25,-30,3,0
67,-88,2,0
78,-102,2,0
23,-23,3,0
1,1,3,0
82,-104,3,0
0,-1,3,0
65,-81,2,0
25,-31,2,0
77,-98,3,0
24,-28,2,0
4,-3,2,0
14,-16,2,0
56,-71,2,0
60,-74,2,0
48,-66,2,0
46,-59,2,0
93,-116,2,0
56,-68,3,0
86,-108,3,0
59,-81,3,0
47,-59,2,0
40,-48,3,0
36,-44,3,0
30,-39,3,0
75,-95,2,0
2,-2,2,0
66,-79,3,0
28,-35,2,0
28,-37,3,0
3,-5,2,0
30,-40,2,0
8,-11,2,0
88,-117,2,0
2,-3,3,0
63,-79,3,0
5,-10,3,0
97,-121,3,0
40,-48,3,0
70,-87,3,0
78,-100,2,0
74,-95,2,0
1,5,3,0
19,-22,2,0
81,-110,3,0
80,-102,2,0
97,-128,3,0
46,-60,2,0
50,-60,2,0
20,-25,2,0
71,-86,3,0
11,-19,3,0
83,-105,3,0
70,-95,3,0
99,-123,2,0
67,-84,3,0
19,-25,2,0
2,1,3,0
0,0,3,0
65,-84,2,0
58,-79,3,0
4,-1,3,0
94,-120,2,0
29,-38,2,0
34,-45,2,0
32,-41,3,0
31,-38,3,0
80,-104,2,0
61,-75,2,0
9,-13,2,0
49,-63,2,0
30,-36,2,0
1,-2,3,0
3,-2,2,0
74,-92,2,0
57,-71,2,0
31,-36,3,0
92,-118,3,0
68,-85,3,0
7,-3,3,0
41,-49,3,0
16,-19,3,0
6,-12,3,0
93,-113,3,0
36,-45,2,0
91,-120,3,0
83,-103,3,0
9,-8,3,0
75,-96,2,0
77,-100,2,0
51,-62,3,0
72,-89,2,0
66,-83,2,0
27,-30,2,0
2,0,2,0
14,-15,3,0
13,-17,2,0
44,-58,2,0
79,-101,3,0
65,-80,2,0
53,-66,2,0
8,-5,3,0
41,-51,2,0
88,-111,2,0
26,-31,3,0
51,-66,2,0
94,-120,2,0
43,-57,3,0
61,-74,3,0
98,-127,2,0
84,-108,2,0
21,-23,2,0
50,-70,3,0
80,-104,3,0
93,-118,2,0
4,-5,3,0
14,-16,2,0
33,-42,2,0
94,-122,2,1
17,197,19,0
41,456,37,0
16,142,35,0
56,597,18,0
19,197,21,0
95,1028,22,0
15,159,42,0
37,355,40,0
83,959,32,0
9,87,22,0
0,22,31,0
90,1036,35,0
25,266,34,0
49,578,36,0
59,610,39,0
28,310,22,0
37,404,37,0
69,803,38,0
12,77,42,0
89,1007,24,0
59,656,21,0
70,775,43,0
40,449,16,0
96,967,41,0
48,534,24,0
38,431,27,0
89,1012,34,0
49,592,31,0
23,274,16,0
61,659,34,0
84,936,31,0
74,807,25,0
75,811,28,0
96,1046,36,0
67,725,38,0
38,465,42,0
60,679,16,0
38,444,28,0
56,616,23,0
82,920,33,0
25,233,31,0
42,414,37,0
57,607,42,0
17,204,25,0
13,191,36,0
19,236,21,0
67,758,38,0
46,509,20,0
88,1005,26,0
78,869,27,0
13,184,16,0
37,458,38,0
96,1039,29,0
38,452,27,0
72,854,42,0
74,833,41,0
53,597,34,0
93,1032,23,0
4,24,36,0
36,382,27,0
68,758,22,0
15,171,36,0
29,335,18,0
83,924,27,0
59,666,20,0
60,659,34,0
22,342,43,0
95,1088,34,0
23,259,15,0
71,824,36,0
44,491,33,0
75,847,18,0
57,662,18,0
90,992,33,0
68,758,39,0
70,851,37,0
61,674,34,0
58,626,41,0
98,1059,24,0
5,39,20,0
86,949,38,0
96,1076,15,0
50,635,31,0
46,477,19,0
17,220,39,0
23,247,34,0
64,738,41,0
10,93,26,0
73,806,16,0
0,-37,34,0
11,231,34,0
92,1008,22,0
8,110,26,0
35,367,31,0
69,769,29,0
75,890,25,0
77,873,16,0
90,962,30,0
40,482,28,0
49,538,18,0
81,884,25,0
22,328,30,0
48,561,41,0
73,721,44,0
4,104,22,0
8,69,20,0
43,498,34,0
40,447,31,0
59,684,42,0
44,560,25,0
75,815,25,0
13,134,35,0
60,661,20,0
35,420,17,0
23,206,44,0
28,288,27,0
17,212,22,0
5,69,34,0
55,561,29,0
42,428,34,0
54,616,39,0
31,434,34,0
32,378,41,0
8,91,22,0
54,646,25,0
76,851,44,0
14,134,38,0
88,941,37,0
80,927,32,0
89,1019,18,0
25,300,27,0
19,217,19,0
3,33,28,0
11,141,30,0
60,653,44,0
68,766,18,0
62,655,44,0
9,98,33,0
71,827,40,0
12,167,28,0
41,535,44,0
7,87,37,0
61,702,33,0
98,1101,29,0
62,691,18,0
67,762,38,0
46,534,20,0
31,371,26,0
60,630,29,0
24,282,28,0
49,582,34,0
14,153,31,0
18,224,25,0
29,323,25,0
85,874,44,0
90,948,28,0
38,445,29,0
43,502,43,0
40,461,26,0
82,944,41,0
25,311,36,0
93,1041,33,0
8,91,25,0
34,392,31,0
0,60,30,0
48,547,20,0
7,102,27,0
55,611,15,0
95,1018,31,0
63,716,36,0
42,486,44,0
35,387,44,0
14,228,41,0
30,305,43,0
26,274,16,0
48,574,39,0
72,822,16,0
90,1008,24,0
50,590,44,0
17,190,15,0
36,435,39,0
97,1100,44,0
10,145,29,0
86,945,23,0
39,406,44,0
70,809,29,0
16,180,16,0
4,81,19,0
80,910,27,0
6,74,43,0
30,383,22,0
24,266,22,0
94,1021,28,0
4,44,21,0
96,1074,27,0
93,1073,42,0
41,432,39,0
90,991,17,0
99,1101,17,0
88,952,41,0
30,353,37,0
36,406,32,0
33,349,42,0
89,1001,18,0
77,867,24,0
58,643,24,0
12,174,40,0
36,368,43,0
73,796,37,0
27,311,32,0
99,1154,39,0
2,48,15,0
49,568,44,0
12,74,39,0
68,765,44,0
50,567,42,0
17,179,23,0
6,57,28,0
73,821,29,0
3,51,31,0
57,629,41,0
20,234,25,0
78,863,34,0
76,848,17,0
40,478,34,0
34,380,30,0
23,234,44,0
91,1057,27,0
55,587,39,0
21,281,24,0
39,440,44,0
52,550,43,0
50,541,26,0
89,1000,30,0
19,251,16,0
45,531,35,0
51,564,40,0
47,539,22,0
5,94,27,0
40,446,31,0
22,149,43,0
21,247,29,1
52,387,5,0
64,463,2,0
39,249,6,0
90,620,3,0
23,160,5,0
30,195,5,0
95,642,5,0
83,622,6,0
46,355,7,0
35,246,3,0
55,392,2,0
76,533,3,0
0,8,6,0
66,493,3,0
23,197,4,0
50,379,6,0
1,61,7,0
15,146,6,0
54,372,3,0
1,-9,6,0
1,2,6,0
82,578,7,0
56,374,7,0
60,425,4,0
99,676,3,0
91,668,5,0
1,10,5,0
64,477,6,0
56,342,6,0
54,376,3,0
53,431,7,0
65,490,5,0
6,63,5,0
43,296,3,0
72,538,4,0
35,254,3,0
61,457,6,0
67,423,7,0
66,457,5,0
33,220,4,0
55,395,4,0
71,541,6,0
16,125,3,0
49,350,7,0
28,199,5,0
24,185,5,0
30,201,7,0
49,352,4,0
90,618,3,0
55,405,5,0
24,177,5,0
20,116,6,0
4,92,6,0
1,26,6,0
78,544,5,0
51,368,3,0
13,85,7,0
78,559,7,0
26,191,7,0
77,553,4,0
55,379,5,0
39,295,6,0
64,455,3,0
21,169,6,0
59,409,6,0
41,288,3,0
53,395,5,0
81,579,5,0
23,181,5,0
30,186,5,0
29,223,6,0
4,36,6,0
34,261,5,0
17,137,2,0
20,158,3,0
39,252,6,0
36,233,5,0
80,563,5,0
97,666,6,0
7,34,6,0
70,534,7,0
74,542,4,0
61,441,4,0
78,581,3,0
68,482,7,0
63,465,3,0
62,474,3,0
28,235,6,0
75,561,5,0
78,537,5,0
90,639,5,0
29,259,4,0
87,685,7,0
29,233,6,0
2,15,6,0
60,429,5,0
18,67,5,0
85,629,4,0
95,688,4,0
42,316,4,0
78,535,4,0
96,673,6,0
26,204,3,0
13,119,6,0
95,678,7,0
15,82,3,0
5,80,5,0
83,571,3,0
7,52,4,0
65,449,2,0
84,586,5,0
81,511,6,0
58,348,7,0
85,565,6,0
85,606,3,0
61,432,2,0
33,258,4,0
14,119,4,0
5,-4,6,0
99,656,7,0
20,151,4,0
53,368,4,0
57,423,2,0
35,272,6,0
85,621,6,0
55,417,5,0
14,113,3,0
47,348,6,0
17,90,7,0
54,416,6,0
66,527,5,0
53,383,6,0
85,591,4,0
45,352,4,0
62,454,3,0
10,94,4,0
70,504,5,0
84,571,5,0
28,249,4,0
62,431,6,0
45,288,4,0
65,465,3,0
17,110,7,0
0,19,3,0
15,69,6,0
55,403,6,0
33,209,7,0
54,348,6,0
44,299,4,0
59,407,6,0
14,106,5,0
17,80,6,0
18,108,3,0
12,70,3,0
1,-32,6,0
48,337,4,0
19,160,3,0
83,592,3,0
47,334,4,0
15,96,4,0
77,555,5,0
74,536,5,0
59,450,6,0
78,539,5,0
95,679,6,0
46,306,4,0
15,108,5,0
82,581,7,0
14,125,4,0
15,96,4,0
17,128,2,0
76,538,7,0
28,183,6,0
84,551,6,0
38,293,5,0
91,630,5,0
35,242,3,0
13,69,6,0
99,675,6,0
7,31,4,0
13,76,5,0
46,339,4,0
67,474,3,0
5,57,3,0
47,426,6,0
97,692,5,0
74,487,5,0
2,1,5,0
83,597,5,0
55,408,5,0
45,292,5,0
70,500,4,0
75,525,4,0
58,472,7,0
72,518,2,0
16,120,7,0
82,566,2,0
53,355,3,0
61,443,6,0
31,257,6,0
76,534,6,0
75,521,2,0
66,486,3,0
25,187,6,0
50,346,4,0
90,648,5,0
30,185,7,0
51,357,6,0
19,155,5,0
40,298,6,0
32,185,4,0
98,693,4,0
95,701,7,0
40,288,6,0
39,299,5,0
84,643,3,0
91,606,6,0
1,-3,5,0
85,577,7,0
28,202,3,0
39,279,6,0
6,19,4,0
38,288,3,0
64,412,5,0
19,153,4,0
57,420,4,0
24,184,4,0
55,387,4,0
21,169,5,0
76,530,3,0
90,648,4,0
44,232,7,0
9,61,4,0
16,149,4,0
90,637,7,0
60,364,7,0
27,173,3,0
60,387,6,0
80,592,5,0
66,460,3,0
7,42,3,0
80,606,5,0
89,626,4,0
56,435,5,0
64,448,5,0
86,588,5,0
63,463,6,0
88,632,6,0
50,381,7,0
54,443,6,0
91,701,6,0
20,126,4,0
89,652,3,0
83,588,6,0
43,352,5,0
33,227,5,0
47,334,3,0
87,631,3,0
46,326,5,0
23,182,2,0
18,134,3,0
79,581,4,0
4,43,2,0
9,95,4,0
81,575,3,0
1,-6,3,0
61,482,6,0
52,369,6,0
40,332,5,0
70,453,6,0
86,608,2,0
30,192,3,0
47,296,6,0
13,133,5,0
91,660,3,0
50,376,5,0
66,458,7,0
41,302,4,0
36,258,5,0
30,214,4,0
10,-12,7,0
19,168,7,0
97,697,3,0
58,378,5,0
38,290,5,0
57,409,2,0
74,516,4,0
1,4,4,0
5,38,2,0
62,495,4,0
63,442,3,0
33,260,3,0
54,382,5,0
22,215,7,0
47,315,7,0
26,194,4,0
28,177,4,0
63,461,4,0
94,665,5,0
95,689,6,0
64,475,6,0
74,542,2,0
60,402,4,0
54,402,4,0
95,683,5,0
31,282,6,0
29,235,5,0
41,305,4,0
66,459,4,0
53,403,6,0
64,481,7,0
16,108,3,0
21,158,3,0
27,179,3,0
39,291,3,0
53,379,3,0
5,6,5,0
28,239,6,0
3,-9,6,0
3,63,4,0
91,647,2,0
85,574,3,0
68,519,5,0
31,244,7,0
53,371,4,0
68,467,5,0
84,593,4,0
48,331,5,0
22,181,3,0
83,565,4,0
4,-41,6,0
30,200,7,0
40,274,6,0
44,340,5,0
14,98,4,0
28,257,6,0
2,11,3,0
46,330,3,0
44,339,4,0
6,3,7,0
24,206,4,0
67,467,3,0
67,479,4,0
52,382,3,0
29,232,5,0
7,59,5,0
30,242,7,0
17,141,4,0
54,396,2,0
67,467,4,0
0,-20,6,0
6,46,2,0
23,164,5,0
76,541,5,0
36,284,4,0
44,301,4,0
44,323,6,0
24,176,3,0
41,263,4,0
88,582,6,0
26,242,7,0
12,111,6,0
68,451,4,0
0,-4,2,0
26,180,3,0
5,60,7,0
96,678,3,0
10,100,7,0
58,426,4,0
24,212,6,0
85,607,3,0
29,182,6,0
3,29,5,0
73,521,4,0
1,23,6,0
69,426,6,0
34,212,6,0
76,521,6,0
77,583,5,0
65,468,5,0
21,132,4,0
49,291,7,0
61,452,6,0
97,699,5,0
36,273,5,0
80,566,5,0
21,154,5,0
57,405,7,0
29,242,7,0
57,426,5,0
83,596,4,0
5,40,4,0
36,221,3,0
36,309,5,0
16,131,5,0
7,61,4,0
75,523,3,0
65,488,5,0
2,21,4,0
3,20,3,0
54,388,3,0
80,551,3,0
76,564,6,0
81,582,4,0
29,218,3,0
11,74,6,0
19,124,5,0
82,576,4,0
25,185,3,0
98,656,5,0
44,357,3,0
74,506,3,0
11,58,7,0
36,272,3,0
96,661,4,0
11,89,3,0
46,311,4,0
46,332,6,0
45,334,6,0
32,243,6,0
79,562,6,0
26,123,5,0
31,197,4,0
34,291,5,0
59,461,5,0
15,135,6,0
23,178,4,0
72,521,4,0
67,490,4,0
56,377,7,0
1,28,4,0
42,285,3,0
72,481,3,0
21,151,6,0
96,681,6,0
93,660,4,0
61,415,3,0
58,402,6,0
35,228,3,0
19,190,6,0
78,606,4,0
79,579,2,1
